800
507 437
794 48
318 233
461 528
42 115
146 575
572 31
184 182
38 606
334 12
91 254
350 52
215 303
344 566
661 109
39 80
214 294
742 104
27 260
510 351
182 780
743 64
470 205
368 587
113 152
95 23
64 251
273 594
437 32
233 469
282 319
489 87
497 134
40 565
487 162
491 51
23 22
757 74
577 549
502 795
682 576
92 414
631 6
50 710
325 332
49 411
418 307
97 95
95 120
598 386
89 146
3 748
409 423
354 187
348 364
181 108
237 597
15 34
464 389
419 355
449 128
181 690
108 504
2 3
174 385
537 162
520 294
241 663
59 23
43 38
701 197
81 210
534 67
5 448
585 609
732 166
776 215
119 58
499 681
557 85
475 496
224 193
115 592
300 194
193 227
62 144
288 790
711 374
232 679
192 753
524 754
109 99
265 91
93 5
5 126
551 717
71 618
267 236
88 85
451 637
272 295
46 50
474 267
16 83
283 33
89 137
318 736
304 508
142 11
411 512
373 406
222 121
504 752
108 387
400 344
563 600
775 220
202 24
103 116
454 614
386 563
15 275
163 405
153 484
685 668
563 678
264 256
652 389
673 466
13 145
385 410
721 42
473 256
636 511
272 15
463 286
329 46
101 317
141 194
172 46
36 712
247 145
506 276
167 686
686 747
381 34
143 91
334 613
403 69
455 75
622 576
744 503
236 76
139 119
175 367
415 634
378 201
147 44
197 199
635 692
51 60
12 3
716 73
366 104
569 113
527 401
632 144
20 32
213 726
770 345
457 186
59 599
766 42
33 64
186 280
421 375
564 400
411 529
653 142
262 6
64 166
213 130
542 428
551 660
791 520
32 63
31 187
608 579
17 65
48 10
719 553
201 642
568 24
54 11
253 641
349 559
672 350
19 56
348 212
31 140
248 454
269 163
46 34
762 226
122 20
348 771
309 720
221 368
337 476
266 256
404 713
49 1
444 134
326 170
9 108
417 243
101 1
787 490
429 796
224 488
582 391
212 11
412 333
181 207
44 615
4 16
184 583
337 166
360 541
107 284
129 501
246 756
228 182
36 44
543 325
342 325
521 508
596 409
248 430
554 14
536 99
62 57
514 488
341 495
144 659
22 651
538 410
153 478
798 278
407 737
232 524
114 190
39 161
362 295
404 353
121 107
34 85
485 249
7 61
390 168
242 774
206 59
92 439
149 371
443 285
6 7
94 409
389 693
113 77
100 130
121 263
553 311
1 188
654 197
735 412
759 57
413 285
150 327
650 559
134 220
179 171
440 313
36 99
359 432
687 383
87 90
612 531
53 135
539 414
498 358
170 18
442 147
502 495
620 195
555 493
47 44
333 274
42 128
111 35
166 438
16 306
129 95
259 309
122 344
727 680
115 150
6 2
301 144
196 36
530 177
638 543
169 358
245 22
513 749
143 579
25 141
415 284
724 581
788 319
131 32
64 312
581 60
79 193
316 562
708 206
96 93
524 595
70 302
297 19
66 163
478 715
477 375
235 78
330 185
2 1
684 631
16 33
157 16
238 65
674 149
475 400
198 694
753 772
24 3
389 70
205 445
144 704
617 34
79 714
346 251
148 499
426 170
241 292
533 65
223 159
244 41
202 339
382 368
362 416
274 352
760 657
338 669
357 253
574 37
289 375
656 730
8 58
703 412
399 180
519 789
136 243
272 550
471 453
79 86
310 123
616 691
359 377
287 64
86 211
71 41
8 153
635 278
308 451
784 239
127 175
516 667
482 135
148 2
433 103
16 159
78 217
639 284
494 392
492 190
52 396
314 168
503 170
59 136
726 792
547 478
624 332
89 183
394 226
552 381
96 231
227 373
694 793
229 79
323 311
467 323
57 42
640 261
434 347
286 23
87 356
9 4
195 139
670 628
110 221
49 511
383 143
435 138
40 13
3 38
2 4
237 561
70 50
158 138
500 147
452 61
252 567
458 21
19 37
422 626
305 222
60 173
126 441
227 763
147 155
738 376
17 42
237 178
151 28
18 723
105 34
249 398
698 115
590 496
51 94
107 92
162 59
54 532
125 36
208 199
75 429
17 15
97 176
656 709
18 13
453 695
545 282
354 393
25 353
630 458
147 589
143 174
778 400
110 625
281 349
145 205
19 215
118 105
192 65
309 655
93 384
291 284
680 48
72 87
95 359
186 76
402 3
68 24
677 513
551 452
63 311
34 72
6 363
541 729
649 311
294 379
82 274
194 768
255 127
258 200
480 330
604 358
336 170
112 114
19 2
248 210
576 733
288 259
328 107
520 611
160 152
656 156
731 524
59 289
249 58
113 261
112 80
315 50
689 274
453 409
628 575
39 338
92 31
544 621
91 104
217 268
74 11
45 2
284 722
745 409
333 424
1 10
78 240
602 418
469 683
219 126
6 675
516 362
226 466
87 149
270 26
421 668
256 120
176 360
39 584
90 171
619 7
17 20
657 509
140 165
272 355
472 197
469 643
155 420
765 645
234 1
133 370
5 1
138 52
512 571
50 321
18 66
407 202
82 38
132 335
388 320
682 705
267 296
406 513
320 53
585 252
204 193
146 665
133 197
35 102
486 425
546 273
646 769
341 253
154 144
23 218
734 213
526 440
505 277
487 773
168 718
52 50
150 285
4 35
395 360
664 78
194 591
156 16
305 392
241 465
574 779
316 133
560 91
37 182
750 153
580 292
28 14
76 31
253 141
55 493
423 558
519 487
192 216
293 171
633 295
159 281
696 590
105 518
26 7
707 342
51 4
225 23
36 7
301 324
298 248
577 605
40 168
33 697
767 656
124 178
11 4
704 777
22 16
191 751
34 41
479 21
662 8
544 125
341 781
500 764
75 60
531 365
232 131
192 797
576 553
169 83
211 374
755 214
73 627
55 36
190 761
556 135
273 27
567 647
73 16
462 265
688 658
119 436
209 23
85 304
573 376
95 250
78 29
307 37
72 77
54 257
322 408
396 422
368 468
725 227
39 67
81 347
98 14
629 458
335 343
212 461
3 15
364 401
242 187
250 782
428 371
106 28
21 331
61 447
666 234
100 30
91 203
125 593
180 173
236 239
136 226
313 237
25 1
365 336
308 119
671 298
446 215
393 676
569 645
236 425
81 132
110 17
459 421
648 425
376 280
191 123
728 584
431 342
112 198
386 58
740 49
612 706
93 127
277 391
298 427
271 59
167 6
21 89
136 201
540 464
95 578
134 116
616 16
22 325
281 603
131 185
535 382
589 799
35 123
385 525
119 588
200 278
361 287
240 299
646 167
47 133
191 746
23 31
241 154
548 485
416 517
121 549
200 28
60 69
54 117
277 223
276 150
79 70
310 786
8 2
53 380
397 63
369 53
2 53
586 248
456 62
702 95
30 10
23 27
168 246
282 92
29 25
3 252
174 233
783 586
741 576
122 758
198 450
271 290
29 345
230 279
107 739
114 610
340 307
3 21
92 164
800 499
3 523
27 84
